50 6
51 6
52 6
53 7
54 7
55 7
56 7
57 8
58 8
59 8
60 9
61 10
62 11
63 11
64 13
65 13
66 13
67 13
68 18
69 18
70 18
71 19
72 19
73 19
74 19
75 20
76 20
77 20
78 20
79 20
80 21
81 22
82 23
83 23
84 23
85 23
86 23
87 23
88 23
89 23
90 23
91 23
92 23
93 23
94 23
95 23
96 23
97 23
98 23
99 23
100 23
101 23
102 23
103 23
104 23
105 24
106 24
107 24
108 24
109 24
110 24
111 24
112 27
113 27
114 27
115 27
116 27
117 27
118 28
119 29
120 32
121 33
122 33
123 34
124 35
125 35
126 35
127 35
128 35
129 38
130 39
131 39
132 42
133 42
134 47
135 47
136 48
137 48
138 48
139 53
140 53
141 56
142 57
143 61
144 61
145 67
146 68
147 71
148 72
149 72
150 76
151 76
152 76
153 76
154 76
155 76
156 76
157 77
158 79
159 79
160 79
161 81
162 81
163 81
164 81
165 84
166 84
167 84
168 84
169 86
170 86
171 86
172 88
173 89
174 90
175 90
176 90
177 90
178 93
179 93
180 93
181 95
182 95
183 95
184 98
185 98
186 98
187 98
188 98
189 98
190 101
191 101
192 101
193 101
194 104
195 104
196 104
197 106
198 108
199 108
200 108
201 108
202 108
203 108
204 108
205 112
206 112
207 112
208 116
209 116
210 117
211 117
212 117
213 117
214 117
215 117
216 117
217 117
218 117
219 117
220 117
221 117
222 117
223 117
224 117
225 117
226 117
227 117
228 117
229 117
230 117
231 117
232 117
233 117
234 117
235 117
236 117
237 117
238 117
239 117
240 117
241 117
242 117
243 117
244 117
245 117
246 117
247 117
248 117
249 117
250 117
251 117
252 117
253 117
254 117
255 118
256 118
257 118
258 118
259 118
260 118
261 118
262 118
263 118
264 118
265 119
266 119
267 119
268 119
269 119
270 120
271 120
272 120
273 120
274 120
275 120
276 120
277 120
278 120
279 120
280 120
281 120
282 120
283 120
284 120
285 120
286 120
287 120
288 120
289 123
290 123
291 123
292 131
293 131
294 131
295 139
296 139
297 139
298 145
299 147
300 150
301 150
302 150
303 155
304 157
305 161
306 161
307 169
308 169
309 169
310 169
311 171
312 173
313 175
314 175
315 175
316 178
317 178
318 180
319 180
320 180
321 180
322 181
323 181
324 181
325 181
326 181
327 181
328 181
329 181
330 181
331 181
332 181
333 181
334 184
335 185
336 185
337 186
338 189
339 189
340 192
341 192
342 192
343 195
344 195
345 197
346 199
347 200
348 202
349 202
350 205
351 205
352 209
353 211
354 213
355 214
356 219
357 220
358 220
359 221
360 222
361 223
362 223
363 224
364 225
365 225
366 226
367 226
368 227
369 227
370 227
371 228
372 228
373 228
374 229
375 229
376 229
377 230
378 231
379 231
380 232
381 233
382 234
383 235
384 236
385 236
386 237
387 238
388 238
389 238
390 239
391 240
392 240
393 240
394 241
395 242
396 243
397 244
398 245
399 245
400 246
401 247
402 248
403 249
404 250
405 251
406 252
407 253
408 254
409 255
410 256
411 257
412 258
413 259
414 260
415 260
416 261
417 262
418 263
419 264
420 265
421 266
422 267
423 267
424 268
425 269
426 270
427 271
428 272
429 273
430 274
431 275
432 276
433 277
434 278
435 279
436 280
437 281
438 282
439 283
440 284
441 285
442 286
443 287
444 289
445 290
446 291
447 292
448 293
449 294
450 294
451 295
452 296
453 297
454 298
455 299
456 301
457 302
458 305
459 306
460 308
461 309
462 310
463 311
464 312
465 313
466 314
467 315
468 316
469 317
470 318
471 319
472 320
473 321
474 322
475 323
476 324
477 325
478 326
479 327
480 328
481 329
482 330
483 331
484 333
485 335
486 336
487 337
488 338
489 339
490 340
491 341
492 342
493 343
494 344
495 346
496 347
497 348
498 349
499 350
500 351
501 352
502 353
503 354
504 355
505 356
506 357
507 358
508 359
509 360
510 361
511 362
512 363
513 364
514 365
515 366
516 367
517 368
518 369
519 370
520 371
521 372
522 373
523 374
524 375
525 376
526 377
527 378
528 379
529 380
530 381
531 382
532 384
533 385
534 386
535 387
536 388
537 389
538 390
539 391
540 392
541 393
542 394
543 395
544 396
545 397
546 398
547 399
548 400
549 401
550 402
551 403
552 406
553 407
554 409
555 410
556 412
557 414
558 416
559 416
560 418
561 419
562 422
563 423
564 424
565 426
566 429
567 430
568 434
569 435
570 437
571 439
572 440
573 442
574 445
575 446
576 447
577 448
578 450
579 451
580 452
581 453
582 455
583 455
584 456
585 457
586 458
587 459
588 460
589 461
590 462
591 463
592 464
593 465
594 466
595 467
596 468
597 469
598 470
599 471
600 472
601 473
602 474
603 475
604 476
605 477
606 478
607 479
608 480
609 481
610 483
611 484
612 485
613 486
614 487
615 489
616 490
617 491
618 493
619 494
620 495
621 496
622 497
623 498
624 499
625 500
626 501
627 502
628 503
629 505
630 506
631 507
632 508
633 509
634 510
635 511
636 512
637 513
638 514
639 515
640 516
641 517
642 518
643 520
644 521
645 522
646 523
647 524
648 525
649 526
650 527
651 528
652 529
653 530
654 531
655 532
656 533
657 534
658 535
659 536
660 537
661 538
662 539
663 540
664 541
665 542
666 543
667 544
668 546
669 547
670 549
671 550
672 551
673 552
674 553
675 554
676 559
677 560
678 561
679 562
680 563
681 565
682 566
683 567
684 569
685 570
686 571
687 572
688 573
689 576
690 578
691 579
692 580
693 581
694 582
695 583
696 584
697 585
698 585
699 587
700 588
701 589
702 590
703 591
704 592
705 593
706 595
707 596
708 598
709 599
710 601
711 602
712 603
713 604
714 607
715 609
716 611
717 613
718 614
719 616
720 617
721 618
722 620
723 622
724 624
725 625
726 627
727 629
728 631
729 633
730 635
731 637
732 639
733 641
734 642
735 644
736 646
737 648
738 650
739 652
740 654
741 656
742 657
743 659
744 661
745 662
746 663
747 666
748 668
749 670
750 672
751 674
752 676
753 678
754 680
755 681
756 683
757 685
758 686
759 687
760 689
761 690
762 692
763 693
764 695
765 696
766 697
767 698
768 699
769 700
770 701
771 702
772 703
773 704
774 709
775 710
776 711
777 712
778 713
779 714
780 716
781 717
782 718
783 720
784 721
785 722
786 724
787 725
788 726
789 727
790 729
791 730
792 732
793 733
794 735
795 736
796 737
797 738
798 739
799 740
800 741
801 743
802 744
803 745
804 747
805 749
806 751
807 752
808 753
809 754
810 755
811 757
812 758
813 759
814 761
815 763
816 764
817 765
818 766
819 767
820 768
821 770
822 771
823 773
824 775
825 776
826 778
827 779
828 781
829 783
830 785
831 787
832 788
833 789
834 790
835 791
836 793
837 795
838 796
839 797
840 799
841 800
842 801
843 803
844 805
845 807
846 808
847 809
848 810
849 812
850 814
851 815
852 817
853 819
854 820
855 822
856 823
857 825
858 826
859 827
860 829
861 831
862 832
863 833
864 834
865 836
866 838
867 840
868 841
869 843
870 845
871 847
872 849
873 851
874 852
875 854
876 856
877 857
878 859
879 860
880 861
881 862
882 864
883 866
884 867
885 868
886 870
887 871
888 873
889 875
890 876
891 878
892 879
893 880
894 882
895 883
896 885
897 887
898 889
899 891
900 893
901 895
902 897
903 899
904 901
905 904
906 907
907 909
908 911
909 913
910 915
911 918
912 923
913 925
914 927
915 930
916 935
917 937
918 938
919 940
920 942
921 944
922 946
923 948
924 950
925 952
926 954
927 958
928 959
929 961
930 962
931 963
932 965
933 967
934 969
935 971
936 973
937 975
938 976
939 978
940 980
941 982
942 984
943 985
944 987
945 989
946 991
947 994
948 995
949 997
950 999
951 1000
952 1002
953 1005
954 1008
955 1011
956 1014
957 1016
958 1018
959 1020
960 1022
961 1024
962 1027
963 1029
964 1031
965 1034
966 1036
967 1037
968 1039
969 1041
970 1043
971 1046
972 1048
973 1050
974 1053
975 1056
976 1060
977 1063
978 1066
979 1068
980 1070
981 1071
982 1073
983 1075
984 1076
985 1078
986 1080
987 1081
988 1082
989 1085
990 1087
991 1088
992 1090
993 1092
994 1094
995 1096
996 1098
997 1102
998 1104
999 1105
1000 1108
1001 1109
1002 1111
1003 1113
1004 1115
1005 1116
1006 1118
1007 1120
1008 1122
1009 1123
1010 1125
1011 1127
1012 1129
1013 1131
1014 1132
1015 1134
1016 1136
1017 1138
1018 1140
1019 1142
1020 1144
1021 1146
1022 1148
1023 1151
1024 1153
1025 1155
1026 1158
1027 1160
1028 1162
1029 1164
1030 1167
1031 1169
1032 1171
1033 1174
1034 1176
1035 1178
1036 1180
1037 1182
1038 1183
1039 1185
1040 1186
1041 1188
1042 1190
1043 1191
1044 1192
1045 1194
1046 1195
1047 1196
1048 1197
1049 1198
1050 1199
1051 1200
1052 1201
1053 1203
1054 1205
1055 1207
1056 1208
1057 1209
1058 1210
1059 1211
1060 1212
1061 1214
1062 1215
1063 1217
1064 1219
1065 1220
1066 1222
1067 1223
1068 1224
1069 1226
1070 1227
1071 1229
1072 1230
1073 1231
1074 1233
1075 1235
1076 1236
1077 1238
1078 1240
1079 1241
1080 1243
1081 1245
1082 1246
1083 1247
1084 1248
1085 1249
1086 1250
1087 1252
1088 1253
1089 1254
1090 1256
1091 1257
1092 1259
1093 1261
1094 1262
1095 1263
1096 1265
1097 1266
1098 1268
1099 1270
1100 1271
1101 1272
1102 1273
1103 1275
1104 1276
1105 1278
1106 1280
1107 1282
1108 1284
1109 1286
1110 1288
1111 1290
1112 1292
1113 1294
1114 1296
1115 1298
1116 1299
1117 1301
1118 1303
1119 1304
1120 1306
1121 1307
1122 1308
1123 1309
1124 1311
1125 1313
1126 1314
1127 1316
1128 1317
1129 1318
1130 1320
1131 1322
1132 1324
1133 1325
1134 1327
1135 1328
1136 1330
1137 1332
1138 1333
1139 1335
1140 1337
1141 1339
1142 1341
1143 1343
1144 1345
1145 1347
1146 1349
1147 1351
1148 1353
1149 1354
1150 1355
1151 1357
1152 1359
1153 1360
1154 1362
1155 1363
1156 1365
1157 1366
1158 1368
1159 1369
1160 1371
1161 1373
1162 1375
1163 1376
1164 1378
1165 1380
1166 1381
1167 1382
1168 1383
1169 1385
1170 1386
1171 1388
1172 1390
1173 1391
1174 1393
1175 1395
1176 1397
1177 1399
1178 1401
1179 1403
1180 1404
1181 1406
1182 1407
1183 1408
1184 1409
1185 1411
1186 1412
1187 1414
1188 1415
1189 1417
1190 1419
1191 1420
1192 1422
1193 1424
1194 1425
1195 1427
1196 1429
1197 1431
1198 1433
1199 1435
1200 1437
1201 1438
1202 1439
1203 1440
1204 1442
1205 1443
1206 1445
1207 1446
1208 1448
1209 1450
1210 1452
1211 1454
1212 1455
1213 1457
1214 1459
1215 1461
1216 1463
1217 1465
1218 1467
1219 1468
1220 1469
1221 1471
1222 1472
1223 1474
1224 1476
1225 1477
1226 1478
1227 1480
1228 1482
1229 1484
1230 1486
1231 1487
1232 1489
1233 1491
1234 1493
1235 1495
1236 1496
1237 1498
1238 1499
1239 1501
1240 1503
1241 1505
1242 1506
1243 1508
1244 1509
1245 1511
1246 1513
1247 1514
1248 1516
1249 1518
1250 1520
1251 1522
1252 1524
1253 1526
1254 1528
1255 1530
1256 1531
1257 1533
1258 1535
1259 1537
1260 1539
1261 1541
1262 1543
1263 1545
1264 1547
1265 1549
1266 1550
1267 1552
1268 1554
1269 1556
1270 1558
1271 1560
1272 1561
1273 1563
1274 1565
1275 1567
1276 1569
1277 1571
1278 1573
1279 1575
1280 1577
1281 1579
1282 1581
1283 1583
1284 1584
1285 1586
1286 1588
1287 1590
1288 1592
1289 1593
1290 1595
1291 1596
1292 1598
1293 1599
1294 1601
1295 1603
1296 1605
1297 1606
1298 1608
1299 1610
1300 1612
1301 1614
1302 1616
1303 1618
1304 1620
1305 1621
1306 1623
1307 1625
1308 1627
1309 1629
1310 1631
1311 1633
1312 1635
1313 1637
1314 1639
1315 1641
1316 1642
1317 1644
1318 1646
1319 1648
1320 1650
1321 1653
1322 1655
1323 1657
1324 1659
1325 1661
1326 1662
1327 1663
1328 1665
1329 1667
1330 1669
1331 1671
1332 1673
1333 1675
1334 1676
1335 1678
1336 1680
1337 1682
1338 1684
1339 1686
1340 1688
1341 1690
1342 1692
1343 1695
1344 1696
1345 1698
1346 1700
1347 1702
1348 1704
1349 1706
1350 1708
1351 1709
1352 1710
1353 1712
1354 1714
1355 1717
1356 1719
1357 1721
1358 1723
1359 1725
1360 1728
1361 1730
1362 1732
1363 1734
1364 1735
1365 1737
1366 1739
1367 1741
1368 1742
1369 1744
1370 1746
1371 1748
1372 1750
1373 1752
1374 1754
1375 1756
1376 1757
1377 1759
1378 1761
1379 1762
1380 1765
1381 1767
1382 1769
1383 1771
1384 1773
1385 1776
1386 1778
1387 1780
1388 1781
1389 1782
1390 1784
1391 1785
1392 1787
1393 1789
1394 1791
1395 1793
1396 1795
1397 1797
1398 1799
1399 1800
1400 1803
1401 1805
1402 1807
1403 1808
1404 1810
1405 1812
1406 1813
1407 1815
1408 1817
1409 1819
1410 1821
1411 1823
1412 1824
1413 1826
1414 1828
1415 1833
1416 1836
1417 1838
1418 1840
1419 1842
1420 1845
1421 1847
1422 1849
1423 1851
1424 1854
1425 1856
1426 1858
1427 1860
1428 1863
1429 1864
1430 1866
1431 1868
1432 1870
1433 1873
1434 1875
1435 1877
1436 1879
1437 1880
1438 1882
1439 1884
1440 1886
1441 1888
1442 1890
1443 1892
1444 1894
1445 1896
1446 1897
1447 1899
1448 1901
1449 1903
1450 1905
1451 1907
1452 1909
1453 1911
1454 1913
1455 1915
1456 1917
1457 1919
1458 1921
1459 1924
1460 1925
1461 1927
1462 1929
1463 1931
1464 1933
1465 1935
1466 1937
1467 1939
1468 1941
1469 1943
1470 1945
1471 1947
1472 1949
1473 1951
1474 1954
1475 1956
1476 1958
1477 1960
1478 1962
1479 1963
1480 1965
1481 1967
1482 1970
1483 1972
1484 1975
1485 1977
1486 1979
1487 1981
1488 1983
1489 1985
1490 1988
1491 1990
1492 1992
1493 1994
1494 1996
1495 1998
1496 2000
1497 2003
1498 2005
1499 2006
1500 2008
1501 2010
1502 2012
1503 2014
1504 2016
1505 2018
1506 2020
1507 2022
1508 2024
1509 2026
1510 2028
1511 2029
1512 2031
1513 2033
1514 2035
1515 2037
1516 2039
1517 2040
1518 2042
1519 2044
1520 2047
1521 2048
1522 2051
1523 2053
1524 2054
1525 2056
1526 2058
1527 2060
1528 2062
1529 2064
1530 2066
1531 2068
1532 2070
1533 2071
1534 2073
1535 2074
1536 2076
1537 2078
1538 2081
1539 2082
1540 2084
1541 2086
1542 2088
1543 2090
1544 2092
1545 2094
1546 2096
1547 2099
1548 2101
1549 2103
1550 2105
1551 2109
1552 2112
1553 2114
1554 2115
1555 2116
1556 2118
1557 2121
1558 2123
1559 2125
1560 2128
1561 2130
1562 2132
1563 2134
1564 2136
1565 2139
1566 2142
1567 2144
1568 2145
1569 2147
1570 2150
1571 2151
1572 2155
1573 2157
1574 2160
1575 2162
1576 2164
1577 2166
1578 2168
1579 2171
1580 2175
1581 2176
1582 2178
1583 2180
1584 2182
1585 2184
1586 2186
1587 2188
1588 2191
1589 2194
1590 2196
1591 2198
1592 2201
1593 2203
1594 2204
1595 2206
1596 2209
1597 2212
1598 2214
1599 2216
1600 2218
1601 2220
1602 2222
1603 2224
1604 2226
1605 2228
1606 2230
1607 2233
1608 2235
1609 2238
1610 2239
1611 2241
1612 2243
1613 2245
1614 2248
1615 2250
1616 2252
1617 2254
1618 2257
1619 2259
1620 2262
1621 2264
1622 2266
1623 2268
1624 2270
1625 2272
1626 2274
1627 2276
1628 2278
1629 2281
1630 2283
1631 2286
1632 2288
1633 2291
1634 2294
1635 2296
1636 2299
1637 2302
1638 2304
1639 2306
1640 2308
1641 2311
1642 2313
1643 2315
1644 2318
1645 2320
1646 2323
1647 2325
1648 2327
1649 2330
1650 2332
1651 2335
1652 2337
1653 2339
1654 2342
1655 2344
1656 2346
1657 2349
1658 2352
1659 2354
1660 2356
1661 2359
1662 2361
1663 2363
1664 2365
1665 2366
1666 2368
1667 2370
1668 2372
1669 2375
1670 2377
1671 2379
1672 2382
1673 2384
1674 2387
1675 2389
1676 2391
1677 2394
1678 2396
1679 2398
1680 2400
1681 2402
1682 2405
1683 2408
1684 2410
1685 2412
1686 2415
1687 2418
1688 2420
1689 2422
1690 2425
1691 2428
1692 2431
1693 2433
1694 2436
1695 2438
1696 2441
1697 2444
1698 2447
1699 2448
1700 2450
1701 2453
1702 2455
1703 2458
1704 2460
1705 2463
1706 2466
1707 2468
1708 2471
1709 2473
1710 2476
1711 2479
1712 2481
1713 2484
1714 2487
1715 2489
1716 2491
1717 2493
1718 2496
1719 2499
1720 2501
1721 2504
1722 2507
1723 2509
1724 2512
1725 2514
1726 2517
1727 2519
1728 2521
1729 2523
1730 2525
1731 2528
1732 2530
1733 2532
1734 2535
1735 2537
1736 2539
1737 2542
1738 2545
1739 2548
1740 2551
1741 2553
1742 2556
1743 2559
1744 2561
1745 2564
1746 2566
1747 2569
1748 2571
1749 2574
1750 2577
1751 2578
1752 2581
1753 2583
1754 2586
1755 2589
1756 2592
1757 2595
1758 2597
1759 2600
1760 2603
1761 2606
1762 2608
1763 2611
1764 2614
1765 2616
1766 2619
1767 2621
1768 2623
1769 2626
1770 2629
1771 2632
1772 2634
1773 2637
1774 2639
1775 2642
1776 2645
1777 2647
1778 2650
1779 2653
1780 2655
1781 2657
1782 2660
1783 2662
1784 2664
1785 2666
1786 2669
1787 2672
1788 2674
1789 2677
1790 2679
1791 2682
1792 2684
1793 2686
1794 2689
1795 2691
1796 2693
1797 2696
1798 2699
1799 2701
1800 2704
1801 2706
1802 2709
1803 2711
1804 2713
1805 2716
1806 2719
1807 2722
1808 2724
1809 2727
1810 2730
1811 2733
1812 2735
1813 2737
1814 2740
1815 2742
1816 2745
1817 2748
1818 2751
1819 2754
1820 2757
1821 2760
1822 2763
1823 2766
1824 2767
1825 2770
1826 2772
1827 2775
1828 2777
1829 2780
1830 2782
1831 2785
1832 2788
1833 2791
1834 2793
1835 2796
1836 2799
1837 2802
1838 2805
1839 2808
1840 2811
1841 2814
1842 2817
1843 2819
1844 2822
1845 2825
1846 2828
1847 2831
1848 2834
1849 2837
1850 2840
1851 2843
1852 2845
1853 2848
1854 2851
1855 2854
1856 2857
1857 2860
1858 2863
1859 2866
1860 2869
1861 2871
1862 2881
1863 2886
1864 2889
1865 2892
1866 2895
1867 2898
1868 2901
1869 2904
1870 2907
1871 2910
1872 2913
1873 2915
1874 2918
1875 2921
1876 2923
1877 2926
1878 2929
1879 2931
1880 2934
1881 2937
1882 2939
1883 2942
1884 2945
1885 2948
1886 2951
1887 2955
1888 2958
1889 2960
1890 2963
1891 2966
1892 2969
1893 2972
1894 2975
1895 2977
1896 2980
1897 2983
1898 2986
1899 2988
1900 2991
1901 2994
1902 2996
1903 2999
1904 3002
1905 3005
1906 3008
1907 3011
1908 3014
1909 3017
1910 3020
1911 3023
1912 3026
1913 3029
1914 3032
1915 3035
1916 3038
1917 3041
1918 3043
1919 3046
1920 3049
1921 3052
1922 3055
1923 3058
1924 3060
1925 3063
1926 3066
1927 3068
1928 3071
1929 3074
1930 3077
1931 3080
1932 3083
1933 3085
1934 3088
1935 3091
1936 3094
1937 3097
1938 3099
1939 3102
1940 3105
1941 3108
1942 3111
1943 3113
1944 3116
1945 3119
1946 3122
1947 3126
1948 3129
1949 3133
1950 3136
1951 3139
1952 3143
1953 3146
1954 3149
1955 3152
1956 3155
1957 3158
1958 3161
1959 3164
1960 3167
1961 3170
1962 3174
1963 3177
1964 3180
1965 3183
1966 3187
1967 3189
1968 3193
1969 3196
1970 3200
1971 3202
1972 3206
1973 3209
1974 3212
1975 3215
1976 3218
1977 3221
1978 3225
1979 3228
1980 3230
1981 3234
1982 3237
1983 3240
1984 3243
1985 3246
1986 3249
1987 3252
1988 3255
1989 3258
1990 3261
1991 3264
1992 3267
1993 3270
1994 3274
1995 3278
1996 3281
1997 3284
1998 3288
1999 3291
2000 3295
2001 3298
2002 3301
2003 3305
2004 3308
2005 3311
2006 3314
2007 3317
2008 3321
2009 3324
2010 3327
2011 3330
2012 3334
2013 3338
2014 3342
2015 3347
2016 3351
2017 3355
2018 3359
2019 3363
2020 3367
2021 3371
2022 3376
2023 3381
2024 3386
2025 3391
2026 3396
2027 3401
2028 3407
2029 3412
2030 3416
2031 3421
2032 3426
2033 3430
2034 3435
2035 3439
2036 3443
2037 3448
2038 3451
2039 3455
2040 3459
2041 3463
2042 3467
2043 3471
2044 3475
2045 3480
2046 3485
2047 3489
2048 3493
2049 3498
2050 3503
2051 3507
2052 3512
2053 3517
2054 3521
2055 3526
2056 3531
2057 3536
2058 3541
2059 3546
2060 3551
2061 3556
2062 3560
2063 3564
2064 3569
2065 3575
2066 3579
2067 3584
2068 3589
2069 3593
2070 3598
2071 3603
2072 3608
2073 3613
2074 3618
2075 3623
2076 3628
2077 3633
2078 3638
2079 3643
2080 3648
2081 3654
2082 3660
2083 3665
2084 3670
2085 3675
2086 3681
2087 3686
2088 3692
2089 3697
2090 3702
2091 3708
2092 3713
2093 3718
2094 3723
2095 3728
2096 3733
2097 3738
2098 3742
2099 3746
2100 3751
2101 3756
2102 3760
2103 3765
2104 3770
2105 3775
2106 3781
2107 3787
2108 3795
2109 3803
2110 3811
2111 3818
2112 3823
2113 3829
2114 3834
2115 3839
2116 3847
2117 3853
2118 3858
2119 3863
2120 3868
2121 3873
2122 3878
2123 3884
2124 3889
2125 3894
2126 3900
2127 3905
2128 3910
2129 3915
2130 3920
2131 3929
2132 3934
2133 3938
2134 3943
2135 3948
2136 3953
2137 3958
2138 3963
2139 3968
2140 3974
2141 3979
2142 3983
2143 3988
2144 3994
2145 3999
2146 4004
2147 4009
2148 4014
2149 4019
2150 4024
2151 4029
2152 4034
2153 4039
2154 4044
2155 4049
2156 4054
2157 4059
2158 4064
2159 4069
2160 4074
2161 4080
2162 4085
2163 4091
2164 4097
2165 4104
2166 4110
2167 4116
2168 4121
2169 4126
2170 4131
2171 4136
2172 4141
2173 4146
2174 4151
2175 4156
2176 4161
2177 4167
2178 4172
2179 4178
2180 4182
2181 4188
2182 4193
2183 4198
2184 4203
2185 4207
2186 4212
2187 4216
2188 4221
2189 4226
2190 4231
2191 4235
2192 4240
2193 4245
2194 4250
2195 4254
2196 4259
2197 4264
2198 4269
2199 4273
2200 4278
2201 4283
2202 4287
2203 4291
2204 4296
2205 4301
2206 4305
2207 4309
2208 4313
2209 4318
2210 4322
2211 4325
2212 4329
2213 4333
2214 4337
2215 4340
2216 4344
2217 4347
2218 4351
2219 4355
2220 4359
2221 4363
2222 4367
2223 4371
2224 4375
2225 4379
2226 4383
2227 4387
2228 4391
2229 4394
2230 4398
2231 4402
2232 4406
2233 4409
2234 4413
2235 4417
2236 4421
2237 4425
2238 4428
2239 4432
2240 4436
2241 4440
2242 4444
2243 4448
2244 4452
2245 4455
2246 4459
2247 4463
2248 4467
2249 4471
2250 4475
2251 4479
2252 4483
2253 4487
2254 4491
2255 4495
2256 4499
2257 4503
2258 4507
2259 4511
2260 4515
2261 4518
2262 4521
2263 4525
2264 4529
2265 4533
2266 4537
2267 4542
2268 4546
2269 4550
2270 4554
2271 4558
2272 4562
2273 4566
2274 4570
2275 4574
2276 4577
2277 4581
2278 4585
2279 4589
2280 4593
2281 4596
2282 4600
2283 4603
2284 4607
2285 4611
2286 4615
2287 4619
2288 4623
2289 4627
2290 4635
2291 4639
2292 4643
2293 4647
2294 4651
2295 4655
2296 4660
2297 4663
2298 4668
2299 4672
2300 4677
2301 4684
2302 4689
2303 4693
2304 4697
2305 4702
2306 4706
2307 4710
2308 4714
2309 4718
2310 4722
2311 4727
2312 4732
2313 4737
2314 4744
2315 4749
2316 4754
2317 4759
2318 4764
2319 4769
2320 4774
2321 4779
2322 4784
2323 4789
2324 4794
2325 4799
2326 4804
2327 4809
2328 4813
2329 4817
2330 4821
2331 4824
2332 4827
2333 4831
2334 4835
2335 4839
2336 4843
2337 4847
2338 4851
2339 4854
2340 4858
2341 4862
2342 4866
2343 4869
2344 4873
2345 4877
2346 4881
2347 4886
2348 4890
2349 4893
2350 4897
2351 4901
2352 4906
2353 4910
2354 4914
2355 4919
2356 4923
2357 4932
2358 4936
2359 4947
2360 4951
2361 4956
2362 4961
2363 4966
2364 4975
2365 4980
2366 4985
2367 4990
2368 4994
2369 4999
2370 5003
2371 5007
2372 5012
2373 5016
2374 5020
2375 5024
2376 5028
2377 5033
2378 5038
2379 5044
2380 5048
2381 5053
2382 5057
2383 5061
2384 5066
2385 5070
2386 5074
2387 5078
2388 5082
2389 5086
2390 5091
2391 5096
2392 5102
2393 5107
2394 5112
2395 5116
2396 5121
2397 5125
2398 5129
2399 5133
2400 5137
2401 5141
2402 5144
2403 5148
2404 5152
2405 5156
2406 5160
2407 5164
2408 5168
2409 5172
2410 5176
2411 5179
2412 5183
2413 5187
2414 5191
2415 5195
2416 5199
2417 5203
2418 5207
2419 5211
2420 5215
2421 5219
2422 5224
2423 5227
2424 5231
2425 5235
2426 5239
2427 5243
2428 5247
2429 5251
2430 5254
2431 5258
2432 5262
2433 5266
2434 5270
2435 5275
2436 5281
2437 5289
2438 5293
2439 5298
2440 5302
2441 5306
2442 5311
2443 5315
2444 5319
2445 5323
2446 5327
2447 5332
2448 5337
2449 5341
2450 5346
2451 5351
2452 5355
2453 5359
2454 5363
2455 5367
2456 5372
2457 5376
2458 5380
2459 5385
2460 5389
2461 5393
2462 5397
2463 5402
2464 5406
2465 5410
2466 5414
2467 5418
2468 5422
2469 5426
2470 5430
2471 5434
2472 5438
2473 5442
2474 5446
2475 5450
2476 5454
2477 5458
2478 5462
2479 5466
2480 5470
2481 5474
2482 5478
2483 5483
2484 5487
2485 5491
2486 5495
2487 5500
2488 5504
2489 5508
2490 5512
2491 5516
2492 5519
2493 5523
2494 5527
2495 5531
2496 5535
2497 5539
2498 5543
2499 5547
2500 5551
2501 5559
2502 5563
2503 5567
2504 5571
2505 5575
2506 5579
2507 5583
2508 5587
2509 5591
2510 5596
2511 5600
2512 5604
2513 5608
2514 5612
2515 5616
2516 5620
2517 5624
2518 5629
2519 5633
2520 5637
2521 5641
2522 5645
2523 5649
2524 5653
2525 5658
2526 5662
2527 5666
2528 5670
2529 5674
2530 5678
2531 5682
2532 5686
2533 5690
2534 5693
2535 5698
2536 5702
2537 5706
2538 5710
2539 5714
2540 5718
2541 5723
2542 5728
2543 5733
2544 5738
2545 5743
2546 5748
2547 5752
2548 5756
2549 5760
2550 5764
2551 5768
2552 5772
2553 5776
2554 5780
2555 5784
2556 5787
2557 5791
2558 5795
2559 5799
2560 5804
2561 5808
2562 5812
2563 5816
2564 5829
2565 5833
2566 5837
2567 5841
2568 5846
2569 5850
2570 5854
2571 5858
2572 5866
2573 5869
2574 5874
2575 5878
2576 5882
2577 5886
2578 5891
2579 5895
2580 5900
2581 5904
2582 5908
2583 5912
2584 5916
2585 5921
2586 5925
2587 5929
2588 5934
2589 5938
2590 5942
2591 5947
2592 5951
2593 5956
2594 5960
2595 5963
2596 5967
2597 5971
2598 5975
2599 5980
2600 5984
2601 5988
2602 5992
2603 5996
2604 6000
2605 6005
2606 6009
2607 6014
2608 6018
2609 6022
2610 6027
2611 6031
2612 6035
2613 6040
2614 6044
2615 6048
2616 6052
2617 6056
2618 6061
2619 6066
2620 6071
2621 6076
2622 6080
2623 6085
2624 6090
2625 6094
2626 6099
2627 6104
2628 6109
2629 6114
2630 6121
2631 6128
2632 6133
2633 6139
2634 6144
2635 6149
2636 6153
2637 6158
2638 6163
2639 6167
2640 6172
2641 6176
2642 6180
2643 6184
2644 6189
2645 6193
2646 6198
2647 6202
2648 6206
2649 6211
2650 6215
2651 6220
2652 6225
2653 6228
2654 6233
2655 6237
2656 6242
2657 6247
2658 6252
2659 6257
2660 6263
2661 6276
2662 6280
2663 6285
2664 6289
2665 6293
2666 6298
2667 6303
2668 6307
2669 6310
2670 6314
2671 6318
2672 6322
2673 6326
2674 6330
2675 6334
2676 6339
2677 6343
2678 6349
2679 6354
2680 6358
2681 6363
2682 6367
2683 6371
2684 6375
2685 6380
2686 6385
2687 6389
2688 6394
2689 6398
2690 6403
2691 6407
2692 6411
2693 6416
2694 6420
2695 6425
2696 6429
2697 6433
2698 6438
2699 6443
2700 6452
2701 6457
2702 6462
2703 6467
2704 6472
2705 6477
2706 6482
2707 6486
2708 6491
2709 6496
2710 6501
2711 6505
2712 6511
2713 6516
2714 6521
2715 6526
2716 6535
2717 6540
2718 6545
2719 6551
2720 6557
2721 6563
2722 6569
2723 6576
2724 6582
2725 6588
2726 6597
2727 6603
2728 6609
2729 6614
2730 6620
2731 6626
2732 6632
2733 6638
2734 6644
2735 6649
2736 6655
2737 6661
2738 6667
2739 6673
2740 6679
2741 6685
2742 6691
2743 6697
2744 6703
2745 6709
2746 6716
2747 6722
2748 6728
2749 6734
2750 6740
2751 6746
2752 6752
2753 6758
2754 6763
2755 6770
2756 6776
2757 6784
2758 6790
2759 6796
2760 6802
2761 6808
2762 6814
2763 6820
2764 6826
2765 6832
2766 6838
2767 6844
2768 6851
2769 6859
2770 6866
2771 6872
2772 6879
2773 6885
2774 6892
2775 6898
2776 6904
2777 6911
2778 6917
2779 6923
2780 6929
2781 6935
2782 6941
2783 6948
2784 6954
2785 6961
2786 6968
2787 6974
2788 6979
2789 6985
2790 6991
2791 6997
2792 7003
2793 7009
2794 7015
2795 7021
2796 7027
2797 7033
2798 7039
2799 7045
2800 7050
2801 7056
2802 7062
2803 7068
2804 7075
2805 7081
2806 7087
2807 7093
2808 7100
2809 7106
2810 7112
2811 7118
2812 7124
2813 7130
2814 7136
2815 7142
2816 7148
2817 7155
2818 7161
2819 7166
2820 7172
2821 7178
2822 7184
2823 7190
2824 7196
2825 7202
2826 7208
2827 7214
2828 7221
2829 7228
2830 7234
2831 7240
2832 7247
2833 7253
2834 7260
2835 7267
2836 7272
2837 7279
2838 7285
2839 7291
2840 7297
2841 7303
2842 7310
2843 7316
2844 7322
2845 7327
2846 7333
2847 7339
2848 7345
2849 7352
2850 7359
2851 7365
2852 7370
2853 7375
2854 7380
2855 7385
2856 7390
2857 7395
2858 7400
2859 7405
2860 7410
2861 7414
2862 7419
2863 7423
2864 7428
2865 7432
2866 7436
2867 7441
2868 7446
2869 7451
2870 7456
2871 7461
2872 7465
2873 7470
2874 7474
2875 7479
2876 7484
2877 7489
2878 7493
2879 7498
2880 7503
2881 7508
2882 7513
2883 7518
2884 7523
2885 7528
2886 7533
2887 7537
2888 7541
2889 7546
2890 7551
2891 7556
2892 7561
2893 7566
2894 7570
2895 7575
2896 7580
2897 7585
2898 7589
2899 7594
2900 7599
2901 7604
2902 7609
2903 7614
2904 7619
2905 7623
2906 7628
2907 7633
2908 7638
2909 7643
2910 7648
2911 7653
2912 7658
2913 7663
2914 7669
2915 7673
2916 7679
2917 7684
2918 7689
2919 7694
2920 7700
2921 7705
2922 7710
2923 7714
2924 7719
2925 7724
2926 7729
2927 7733
2928 7738
2929 7743
2930 7748
2931 7753
2932 7757
2933 7762
2934 7767
2935 7771
2936 7776
2937 7781
2938 7786
2939 7791
2940 7796
2941 7801
2942 7806
2943 7811
2944 7816
2945 7820
2946 7825
2947 7830
2948 7835
2949 7840
2950 7845
2951 7850
2952 7855
2953 7860
2954 7864
2955 7868
2956 7873
2957 7878
2958 7882
2959 7887
2960 7892
2961 7896
2962 7901
2963 7906
2964 7911
2965 7916
2966 7921
2967 7926
2968 7931
2969 7936
2970 7940
2971 7945
2972 7950
2973 7956
2974 7961
2975 7966
2976 7971
2977 7976
2978 7981
2979 7987
2980 7992
2981 7996
2982 8001
2983 8006
2984 8011
2985 8016
2986 8021
2987 8026
2988 8031
2989 8036
2990 8041
2991 8046
2992 8051
2993 8056
2994 8060
2995 8065
2996 8070
2997 8075
2998 8080
2999 8085
3000 8089
3001 8094
3002 8099
3003 8104
3004 8109
3005 8114
3006 8120
3007 8125
3008 8131
3009 8137
3010 8143
3011 8150
3012 8156
3013 8163
3014 8170
3015 8177
3016 8184
3017 8190
3018 8196
3019 8201
3020 8207
3021 8214
3022 8219
3023 8224
3024 8229
3025 8234
3026 8239
3027 8250
3028 8256
3029 8261
3030 8266
3031 8271
3032 8276
3033 8281
3034 8286
3035 8291
3036 8296
3037 8301
3038 8306
3039 8311
3040 8317
3041 8322
3042 8327
3043 8332
3044 8337
3045 8346
3046 8351
3047 8356
3048 8361
3049 8366
3050 8371
3051 8376
3052 8381
3053 8386
3054 8391
3055 8396
3056 8401
3057 8406
3058 8411
3059 8416
3060 8421
3061 8426
3062 8433
3063 8440
3064 8445
3065 8450
3066 8455
3067 8460
3068 8466
3069 8471
3070 8476
3071 8481
3072 8486
3073 8491
3074 8496
3075 8501
3076 8506
3077 8511
3078 8517
3079 8522
3080 8528
3081 8532
3082 8537
3083 8542
3084 8548
3085 8553
3086 8558
3087 8563
3088 8569
3089 8575
3090 8581
3091 8587
3092 8593
3093 8599
3094 8604
3095 8613
3096 8618
3097 8623
3098 8629
3099 8634
3100 8639
3101 8644
3102 8649
3103 8654
3104 8659
3105 8664
3106 8669
3107 8674
3108 8679
3109 8684
3110 8689
3111 8695
3112 8700
3113 8705
3114 8720
3115 8725
3116 8730
3117 8736
3118 8741
3119 8746
3120 8752
3121 8757
3122 8763
3123 8768
3124 8773
3125 8778
3126 8784
3127 8789
3128 8794
3129 8799
3130 8803
3131 8808
3132 8813
3133 8818
3134 8823
3135 8829
3136 8834
3137 8838
3138 8843
3139 8849
3140 8854
3141 8859
3142 8864
3143 8869
3144 8874
3145 8879
3146 8885
3147 8890
3148 8895
3149 8900
3150 8905
3151 8910
3152 8915
3153 8921
3154 8926
3155 8931
3156 8936
3157 8941
3158 8947
3159 8952
3160 8957
3161 8962
3162 8967
3163 8972
3164 8978
3165 8983
3166 8988
3167 8993
3168 8998
3169 9003
3170 9009
3171 9015
3172 9021
3173 9027
3174 9033
3175 9041
3176 9048
3177 9055
3178 9062
3179 9070
3180 9077
3181 9084
3182 9089
3183 9095
3184 9103
3185 9109
3186 9116
3187 9123
3188 9128
3189 9134
3190 9140
3191 9145
3192 9150
3193 9155
3194 9161
3195 9166
3196 9171
3197 9176
3198 9181
3199 9187
3200 9192
3201 9197
3202 9203
3203 9209
3204 9215
3205 9220
3206 9230
3207 9236
3208 9242
3209 9247
3210 9253
3211 9259
3212 9264
3213 9270
3214 9275
3215 9281
3216 9287
3217 9292
3218 9298
3219 9303
3220 9309
3221 9315
3222 9321
3223 9326
3224 9332
3225 9337
3226 9342
3227 9348
3228 9354
3229 9358
3230 9363
3231 9369
3232 9375
3233 9380
3234 9385
3235 9391
3236 9397
3237 9402
3238 9414
3239 9420
3240 9426
3241 9431
3242 9437
3243 9443
3244 9449
3245 9455
3246 9461
3247 9468
3248 9474
3249 9480
3250 9486
3251 9492
3252 9501
3253 9507
3254 9512
3255 9517
3256 9523
3257 9529
3258 9535
3259 9541
3260 9546
3261 9551
3262 9557
3263 9563
3264 9569
3265 9575
3266 9580
3267 9586
3268 9592
3269 9598
3270 9604
3271 9609
3272 9615
3273 9620
3274 9626
3275 9632
3276 9638
3277 9644
3278 9649
3279 9655
3280 9660
3281 9665
3282 9670
3283 9676
3284 9686
3285 9692
3286 9698
3287 9703
3288 9708
3289 9714
3290 9719
3291 9725
3292 9731
3293 9737
3294 9741
3295 9747
3296 9753
3297 9759
3298 9765
3299 9772
3300 9778
3301 9783
3302 9788
3303 9794
3304 9800
3305 9805
3306 9811
3307 9815
3308 9821
3309 9827
3310 9833
3311 9839
3312 9845
3313 9851
3314 9857
3315 9863
3316 9869
3317 9874
3318 9879
3319 9884
3320 9890
3321 9895
3322 9901
3323 9907
3324 9913
3325 9919
3326 9925
3327 9931
3328 9938
3329 9945
3330 9955
3331 9962
3332 9969
3333 9977
3334 9985
3335 9992
3336 9998
3337 10007
3338 10013
3339 10019
3340 10024
3341 10029
3342 10035
3343 10042
3344 10047
3345 10053
3346 10058
3347 10064
3348 10069
3349 10075
3350 10080
3351 10086
3352 10091
3353 10097
3354 10102
3355 10108
3356 10113
3357 10119
3358 10125
3359 10133
3360 10139
3361 10144
3362 10150
3363 10155
3364 10161
3365 10166
3366 10171
3367 10177
3368 10183
3369 10189
3370 10195
3371 10200
3372 10206
3373 10211
3374 10217
3375 10224
3376 10230
3377 10236
3378 10241
3379 10247
3380 10253
3381 10258
3382 10264
3383 10270
3384 10276
3385 10282
3386 10287
3387 10293
3388 10299
3389 10305
3390 10317
3391 10322
3392 10328
3393 10334
3394 10340
3395 10346
3396 10352
3397 10363
3398 10369
3399 10375
3400 10381
3401 10387
3402 10394
3403 10402
3404 10409
3405 10415
3406 10421
3407 10427
3408 10433
3409 10439
3410 10445
3411 10451
3412 10456
3413 10462
3414 10467
3415 10473
3416 10478
3417 10484
3418 10490
3419 10496
3420 10502
3421 10508
3422 10513
3423 10519
3424 10525
3425 10531
3426 10537
3427 10542
3428 10548
3429 10554
3430 10560
3431 10566
3432 10572
3433 10582
3434 10588
3435 10594
3436 10599
3437 10605
3438 10610
3439 10616
3440 10622
3441 10628
3442 10634
3443 10640
3444 10646
3445 10652
3446 10657
3447 10663
3448 10669
3449 10675
3450 10684
3451 10691
3452 10697
3453 10703
3454 10709
3455 10715
3456 10721
3457 10727
3458 10733
3459 10739
3460 10745
3461 10751
3462 10757
3463 10772
3464 10778
3465 10784
3466 10790
3467 10796
3468 10802
3469 10807
3470 10814
3471 10820
3472 10827
3473 10833
3474 10839
3475 10845
3476 10854
3477 10862
3478 10869
3479 10876
3480 10883
3481 10890
3482 10897
3483 10903
3484 10911
3485 10925
3486 10932
3487 10939
3488 10946
3489 10953
3490 10960
3491 10968
3492 10976
3493 10984
3494 10992
3495 11000
3496 11007
3497 11015
3498 11022
3499 11029
3500 11040
3501 11046
3502 11052
3503 11059
3504 11065
3505 11071
3506 11077
3507 11083
3508 11089
3509 11096
3510 11102
3511 11112
3512 11118
3513 11124
3514 11132
3515 11138
3516 11144
3517 11150
3518 11157
3519 11163
3520 11168
3521 11174
3522 11180
3523 11186
3524 11192
3525 11198
3526 11204
3527 11210
3528 11216
3529 11223
3530 11230
3531 11235
3532 11241
3533 11247
3534 11253
3535 11259
3536 11265
3537 11271
3538 11277
3539 11283
3540 11289
3541 11296
3542 11303
3543 11313
3544 11321
3545 11329
3546 11337
3547 11345
3548 11352
3549 11359
3550 11365
3551 11371
3552 11377
3553 11383
3554 11389
3555 11395
3556 11401
3557 11407
3558 11413
3559 11419
3560 11425
3561 11431
3562 11437
3563 11443
3564 11449
3565 11455
3566 11460
3567 11466
3568 11472
3569 11478
3570 11484
3571 11491
3572 11497
3573 11503
3574 11509
3575 11515
3576 11521
3577 11527
3578 11533
3579 11539
3580 11545
3581 11551
3582 11557
3583 11563
3584 11570
3585 11576
3586 11583
3587 11589
3588 11595
3589 11601
3590 11606
3591 11612
3592 11618
3593 11624
3594 11630
3595 11636
3596 11642
3597 11648
3598 11654
3599 11660
3600 11671
3601 11677
3602 11683
3603 11690
3604 11696
3605 11702
3606 11708
3607 11714
3608 11720
3609 11727
3610 11733
3611 11739
3612 11745
3613 11752
3614 11760
3615 11767
3616 11774
3617 11781
3618 11787
3619 11792
3620 11798
3621 11804
3622 11810
3623 11818
3624 11825
3625 11831
3626 11837
3627 11844
3628 11856
3629 11862
3630 11869
3631 11875
3632 11882
3633 11887
3634 11894
3635 11900
3636 11906
3637 11913
3638 11918
3639 11924
3640 11930
3641 11939
3642 11945
3643 11951
3644 11957
3645 11963
3646 11968
3647 11975
3648 11981
3649 11988
3650 11994
3651 12000
3652 12006
3653 12012
3654 12018
3655 12025
3656 12031
3657 12037
3658 12043
3659 12049
3660 12055
3661 12061
3662 12067
3663 12073
3664 12079
3665 12085
3666 12091
3667 12097
3668 12102
3669 12108
3670 12122
3671 12128
3672 12133
3673 12139
3674 12145
3675 12152
3676 12158
3677 12165
3678 12171
3679 12178
3680 12184
3681 12193
3682 12203
3683 12210
3684 12219
3685 12227
3686 12236
3687 12244
3688 12252
3689 12261
3690 12270
3691 12278
3692 12286
3693 12294
3694 12300
3695 12306
3696 12312
3697 12318
3698 12325
3699 12331
3700 12337
3701 12344
3702 12350
3703 12357
3704 12362
3705 12368
3706 12374
3707 12380
3708 12392
3709 12398
3710 12405
3711 12411
3712 12417
3713 12423
3714 12430
3715 12436
3716 12442
3717 12448
3718 12455
3719 12461
3720 12468
3721 12475
3722 12482
3723 12488
3724 12494
3725 12501
3726 12507
3727 12513
3728 12520
3729 12526
3730 12533
3731 12539
3732 12546
3733 12552
3734 12558
3735 12572
3736 12578
3737 12585
3738 12592
3739 12598
3740 12604
3741 12610
3742 12617
3743 12623
3744 12630
3745 12636
3746 12643
3747 12653
3748 12660
3749 12667
3750 12675
3751 12681
3752 12688
3753 12694
3754 12701
3755 12708
3756 12714
3757 12720
3758 12726
3759 12743
3760 12749
3761 12756
3762 12763
3763 12769
3764 12776
3765 12782
3766 12788
3767 12794
3768 12800
3769 12807
3770 12813
3771 12820
3772 12826
3773 12832
3774 12838
3775 12844
3776 12849
3777 12855
3778 12862
3779 12868
3780 12874
3781 12881
3782 12888
3783 12895
3784 12902
3785 12909
3786 12916
3787 12924
3788 12931
3789 12938
3790 12944
3791 12951
3792 12957
3793 12964
3794 12970
3795 12977
3796 12984
3797 12991
3798 12998
3799 13004
3800 13011
3801 13023
3802 13030
3803 13037
3804 13044
3805 13050
3806 13057
3807 13064
3808 13070
3809 13077
3810 13083
3811 13090
3812 13097
3813 13104
3814 13112
3815 13120
3816 13129
3817 13137
3818 13144
3819 13151
3820 13159
3821 13166
3822 13172
3823 13179
3824 13185
3825 13192
3826 13199
3827 13206
3828 13213
3829 13220
3830 13227
3831 13233
3832 13240
3833 13246
3834 13253
3835 13260
3836 13266
3837 13273
3838 13279
3839 13290
3840 13296
3841 13303
3842 13310
3843 13317
3844 13325
3845 13331
3846 13338
3847 13345
3848 13350
3849 13356
3850 13362
3851 13369
3852 13378
3853 13384
3854 13390
3855 13397
3856 13404
3857 13410
3858 13417
3859 13423
3860 13430
3861 13437
3862 13444
3863 13450
3864 13456
3865 13462
3866 13472
3867 13479
3868 13486
3869 13493
3870 13499
3871 13506
3872 13512
3873 13519
3874 13526
3875 13532
3876 13539
3877 13546
3878 13553
3879 13563
3880 13570
3881 13577
3882 13585
3883 13595
3884 13603
3885 13612
3886 13621
3887 13633
3888 13642
3889 13650
3890 13658
3891 13666
3892 13672
3893 13679
3894 13686
3895 13693
3896 13699
3897 13706
3898 13713
3899 13720
3900 13727
3901 13734
3902 13741
3903 13748
3904 13754
3905 13761
3906 13768
3907 13774
3908 13781
3909 13788
3910 13794
3911 13801
3912 13808
3913 13815
3914 13822
3915 13829
3916 13836
3917 13842
3918 13849
3919 13856
3920 13863
3921 13870
3922 13877
3923 13884
3924 13891
3925 13897
3926 13904
3927 13911
3928 13918
3929 13926
3930 13933
3931 13940
3932 13947
3933 13954
3934 13961
3935 13968
3936 13975
3937 13982
3938 13988
3939 13994
3940 14001
3941 14008
3942 14030
3943 14037
3944 14045
3945 14052
3946 14059
3947 14066
3948 14072
3949 14078
3950 14085
3951 14092
3952 14099
3953 14112
3954 14118
3955 14125
3956 14132
3957 14139
3958 14146
3959 14153
3960 14173
3961 14180
3962 14189
3963 14196
3964 14205
3965 14212
3966 14220
3967 14227
3968 14234
3969 14241
3970 14248
3971 14255
3972 14262
3973 14269
3974 14276
3975 14284
3976 14291
3977 14299
3978 14306
3979 14313
3980 14320
3981 14328
3982 14335
3983 14341
3984 14348
3985 14355
3986 14362
3987 14369
3988 14376
3989 14386
3990 14394
3991 14401
3992 14408
3993 14415
3994 14422
3995 14430
3996 14437
3997 14444
3998 14451
3999 14458
4000 14465
4001 14475
4002 14491
4003 14500
4004 14508
4005 14517
4006 14526
4007 14536
4008 14545
4009 14558
4010 14567
4011 14581
4012 14588
4013 14595
4014 14602
4015 14609
4016 14615
4017 14622
4018 14629
4019 14636
4020 14642
4021 14649
4022 14655
4023 14667
4024 14674
4025 14681
4026 14688
4027 14695
4028 14702
4029 14709
4030 14716
4031 14723
4032 14731
4033 14738
4034 14744
4035 14753
4036 14761
4037 14768
4038 14775
4039 14782
4040 14789
4041 14796
4042 14803
4043 14810
4044 14817
4045 14824
4046 14831
4047 14838
4048 14852
4049 14859
4050 14866
4051 14874
4052 14881
4053 14887
4054 14894
4055 14901
4056 14908
4057 14915
4058 14922
4059 14929
4060 14938
4061 14945
4062 14953
4063 14961
4064 14969
4065 14976
4066 14983
4067 14990
4068 14997
4069 15004
4070 15010
4071 15017
4072 15024
4073 15031
4074 15038
4075 15045
4076 15052
4077 15059
4078 15066
4079 15073
4080 15080
4081 15087
4082 15095
4083 15102
4084 15109
4085 15116
4086 15126
4087 15133
4088 15140
4089 15147
4090 15154
4091 15161
4092 15169
4093 15176
4094 15183
4095 15190
4096 15197
4097 15204
4098 15213
4099 15220
4100 15227
4101 15234
4102 15242
4103 15249
4104 15256
4105 15263
4106 15270
4107 15278
4108 15285
4109 15292
4110 15299
4111 15305
4112 15312
4113 15318
4114 15325
4115 15333
4116 15340
4117 15347
4118 15354
4119 15361
4120 15368
4121 15375
4122 15383
4123 15393
4124 15400
4125 15407
4126 15415
4127 15424
4128 15433
4129 15442
4130 15451
4131 15460
4132 15471
4133 15482
4134 15491
4135 15499
4136 15507
4137 15515
4138 15523
4139 15530
4140 15537
4141 15544
4142 15551
4143 15558
4144 15565
4145 15573
4146 15580
4147 15587
4148 15594
4149 15601
4150 15608
4151 15616
4152 15623
4153 15631
4154 15638
4155 15645
4156 15652
4157 15659
4158 15668
4159 15675
4160 15683
4161 15691
4162 15698
4163 15705
4164 15713
4165 15720
4166 15727
4167 15735
4168 15742
4169 15750
4170 15764
4171 15772
4172 15779
4173 15786
4174 15794
4175 15803
4176 15811
4177 15820
4178 15831
4179 15841
4180 15853
4181 15864
4182 15874
4183 15885
4184 15898
4185 15914
4186 15931
4187 15943
4188 15955
4189 15967
4190 15979
4191 15991
4192 16003
4193 16016
4194 16028
4195 16039
4196 16060
4197 16073
4198 16088
4199 16101
4200 16116
4201 16128
4202 16142
4203 16156
4204 16177
4205 16204
4206 16230
4207 16246
4208 16261
4209 16278
4210 16296
4211 16311
4212 16328
4213 16345
4214 16374
4215 16393
4216 16411
4217 16431
4218 16452
4219 16475
4220 16491
4221 16507
4222 16523
4223 16539
4224 16555
4225 16567
4226 16581
4227 16593
4228 16604
4229 16617
4230 16629
4231 16639
4232 16648
4233 16656
4234 16663
4235 16671
4236 16679
4237 16686
4238 16694
4239 16702
4240 16712
4241 16719
4242 16727
4243 16734
4244 16741
4245 16749
4246 16757
4247 16765
4248 16774
4249 16782
4250 16790
4251 16798
4252 16809
4253 16817
4254 16825
4255 16834
4256 16842
4257 16852
4258 16862
4259 16871
4260 16880
4261 16889
4262 16903
4263 16912
4264 16921
4265 16929
4266 16937
4267 16944
4268 16952
4269 16960
4270 16967
4271 16974
4272 16982
4273 16989
4274 16997
4275 17005
4276 17012
4277 17020
4278 17027
4279 17035
4280 17042
4281 17050
4282 17057
4283 17065
4284 17072
4285 17080
4286 17088
4287 17096
4288 17103
4289 17111
4290 17119
4291 17127
4292 17133
4293 17140
4294 17148
4295 17155
4296 17163
4297 17171
4298 17185
4299 17193
4300 17201
4301 17209
4302 17217
4303 17225
4304 17233
4305 17240
4306 17248
4307 17256
4308 17263
4309 17270
4310 17277
4311 17284
4312 17291
4313 17299
4314 17306
4315 17314
4316 17321
4317 17329
4318 17337
4319 17345
4320 17353
4321 17361
4322 17369
4323 17376
4324 17383
4325 17391
4326 17398
4327 17406
4328 17413
4329 17420
4330 17428
4331 17435
4332 17443
4333 17454
4334 17461
4335 17468
4336 17475
4337 17482
4338 17490
4339 17497
4340 17505
4341 17513
4342 17521
4343 17529
4344 17537
4345 17546
4346 17554
4347 17561
4348 17569
4349 17577
4350 17584
4351 17592
4352 17599
4353 17607
4354 17615
4355 17623
4356 17631
4357 17645
4358 17653
4359 17661
4360 17669
4361 17676
4362 17684
4363 17691
4364 17699
4365 17707
4366 17715
4367 17722
4368 17732
4369 17740
4370 17748
4371 17755
4372 17763
4373 17773
4374 17781
4375 17789
4376 17797
4377 17807
4378 17816
4379 17827
4380 17838
4381 17848
4382 17858
4383 17867
4384 17876
4385 17884
4386 17893
4387 17901
4388 17909
4389 17921
4390 17929
4391 17937
4392 17945
4393 17954
4394 17962
4395 17971
4396 17979
4397 17988
4398 17996
4399 18006
4400 18016
4401 18024
4402 18033
4403 18040
4404 18048
4405 18056
4406 18064
4407 18072
4408 18079
4409 18087
4410 18095
4411 18102
4412 18112
4413 18120
4414 18128
4415 18136
4416 18143
4417 18151
4418 18165
4419 18173
4420 18181
4421 18190
4422 18198
4423 18207
4424 18217
4425 18231
4426 18241
4427 18252
4428 18264
4429 18274
4430 18285
4431 18302
4432 18312
4433 18322
4434 18332
4435 18342
4436 18352
4437 18365
4438 18379
4439 18391
4440 18401
4441 18411
4442 18421
4443 18432
4444 18442
4445 18452
4446 18462
4447 18471
4448 18481
4449 18489
4450 18497
4451 18505
4452 18513
4453 18521
4454 18529
4455 18537
4456 18545
4457 18553
4458 18561
4459 18569
4460 18584
4461 18592
4462 18600
4463 18608
4464 18616
4465 18624
4466 18632
4467 18640
4468 18648
4469 18656
4470 18664
4471 18673
4472 18681
4473 18689
4474 18698
4475 18706
4476 18715
4477 18723
4478 18732
4479 18742
4480 18751
4481 18764
4482 18775
4483 18785
4484 18795
4485 18803
4486 18812
4487 18821
4488 18829
4489 18837
4490 18845
4491 18858
4492 18866
4493 18875
4494 18883
4495 18891
4496 18900
4497 18908
4498 18917
4499 18929
4500 18943
4501 18952
4502 18962
4503 18971
4504 18980
4505 18991
4506 19003
4507 19014
4508 19027
4509 19039
4510 19051
4511 19063
4512 19077
4513 19090
4514 19103
4515 19116
4516 19129
4517 19145
4518 19158
4519 19172
4520 19185
4521 19199
4522 19213
4523 19230
4524 19243
4525 19256
4526 19268
4527 19280
4528 19293
4529 19306
4530 19318
4531 19336
4532 19350
4533 19363
4534 19375
4535 19387
4536 19400
4537 19413
4538 19427
4539 19441
4540 19454
4541 19467
4542 19481
4543 19494
4544 19507
4545 19522
4546 19535
4547 19547
4548 19560
4549 19573
4550 19586
4551 19597
4552 19607
4553 19620
4554 19631
4555 19642
4556 19653
4557 19664
4558 19675
4559 19686
4560 19697
4561 19709
4562 19720
4563 19731
4564 19742
4565 19753
4566 19765
4567 19779
4568 19802
4569 19820
4570 19842
4571 19854
4572 19872
4573 19884
4574 19895
4575 19908
4576 19919
4577 19930
4578 19941
4579 19952
4580 19964
4581 19975
4582 19986
4583 20004
4584 20015
4585 20027
4586 20039
4587 20051
4588 20063
4589 20073
4590 20083
4591 20095
4592 20105
4593 20115
4594 20125
4595 20136
4596 20149
4597 20161
4598 20171
4599 20182
4600 20194
4601 20206
4602 20217
4603 20229
4604 20241
4605 20252
4606 20264
4607 20275
4608 20287
4609 20299
4610 20311
4611 20323
4612 20335
4613 20347
4614 20359
4615 20372
4616 20384
4617 20396
4618 20408
4619 20419
4620 20431
4621 20443
4622 20456
4623 20474
4624 20489
4625 20500
4626 20513
4627 20525
4628 20536
4629 20548
4630 20559
4631 20572
4632 20584
4633 20595
4634 20607
4635 20618
4636 20629
4637 20640
4638 20651
4639 20662
4640 20673
4641 20684
4642 20696
4643 20707
4644 20718
4645 20730
4646 20756
4647 20768
4648 20783
4649 20797
4650 20812
4651 20826
4652 20839
4653 20852
4654 20864
4655 20876
4656 20887
4657 20898
4658 20909
4659 20920
4660 20931
4661 20942
4662 20951
4663 20960
4664 20968
4665 20977
4666 20985
4667 20993
4668 21001
4669 21009
4670 21018
4671 21026
4672 21037
4673 21046
4674 21054
4675 21063
4676 21072
4677 21081
4678 21090
4679 21099
4680 21109
4681 21118
4682 21133
4683 21142
4684 21152
4685 21163
4686 21173
4687 21185
4688 21199
4689 21224
4690 21243
4691 21267
4692 21291
4693 21322
4694 21352
4695 21367
4696 21378
4697 21389
4698 21400
4699 21411
4700 21422
4701 21436
4702 21449
4703 21461
4704 21472
4705 21483
4706 21496
4707 21507
4708 21519
4709 21530
4710 21542
4711 21553
4712 21565
4713 21577
4714 21589
4715 21601
4716 21612
4717 21624
4718 21635
4719 21646
4720 21662
4721 21674
4722 21689
4723 21702
4724 21714
4725 21725
4726 21737
4727 21749
4728 21760
4729 21771
4730 21783
4731 21794
4732 21805
4733 21816
4734 21826
4735 21836
4736 21846
4737 21856
4738 21865
4739 21874
4740 21883
4741 21892
4742 21900
4743 21908
4744 21917
4745 21925
4746 21933
4747 21942
4748 21951
4749 21959
4750 21967
4751 21975
4752 21983
4753 21992
4754 22001
4755 22010
4756 22019
4757 22028
4758 22037
4759 22045
4760 22053
4761 22063
4762 22071
4763 22079
4764 22092
4765 22101
4766 22110
4767 22118
4768 22126
4769 22135
4770 22147
4771 22156
4772 22168
4773 22179
4774 22189
4775 22199
4776 22211
4777 22221
4778 22232
4779 22242
4780 22253
4781 22264
4782 22274
4783 22284
4784 22295
4785 22306
4786 22316
4787 22326
4788 22335
4789 22345
4790 22354
4791 22363
4792 22371
4793 22380
4794 22388
4795 22397
4796 22406
4797 22415
4798 22423
4799 22432
4800 22440
4801 22448
4802 22456
4803 22472
4804 22481
4805 22490
4806 22498
4807 22506
4808 22514
4809 22523
4810 22532
4811 22541
4812 22551
4813 22561
4814 22571
4815 22581
4816 22592
4817 22603
4818 22613
4819 22624
4820 22635
4821 22646
4822 22658
4823 22668
4824 22678
4825 22687
4826 22696
4827 22705
4828 22714
4829 22723
4830 22732
4831 22740
4832 22749
4833 22758
4834 22766
4835 22775
4836 22783
4837 22792
4838 22800
4839 22809
4840 22817
4841 22826
4842 22835
4843 22844
4844 22853
4845 22862
4846 22871
4847 22880
4848 22889
4849 22898
4850 22906
4851 22915
4852 22924
4853 22933
4854 22942
4855 22951
4856 22960
4857 22969
4858 22977
4859 22986
4860 22996
4861 23006
4862 23016
4863 23028
4864 23039
4865 23050
4866 23062
4867 23074
4868 23085
4869 23096
4870 23107
4871 23118
4872 23130
4873 23141
4874 23153
4875 23165
4876 23176
4877 23187
4878 23200
4879 23211
4880 23223
4881 23236
4882 23249
4883 23261
4884 23274
4885 23287
4886 23298
4887 23308
4888 23318
4889 23328
4890 23337
4891 23346
4892 23354
4893 23363
4894 23371
4895 23380
4896 23389
4897 23398
4898 23407
4899 23415
4900 23423
4901 23432
4902 23440
4903 23449
4904 23458
4905 23467
4906 23476
4907 23485
4908 23494
4909 23504
4910 23514
4911 23524
4912 23536
4913 23548
4914 23560
4915 23572
4916 23584
4917 23596
4918 23607
4919 23619
4920 23630
4921 23641
4922 23652
4923 23663
4924 23673
4925 23685
4926 23696
4927 23707
4928 23722
4929 23745
4930 23770
4931 23785
4932 23805
4933 23824
4934 23841
4935 23855
4936 23870
4937 23883
4938 23896
4939 23910
4940 23924
4941 23940
4942 23954
4943 23971
4944 23983
4945 23994
4946 24005
4947 24017
4948 24029
4949 24042
4950 24055
4951 24068
4952 24080
4953 24093
4954 24107
4955 24120
4956 24132
4957 24145
4958 24158
4959 24170
4960 24182
4961 24194
4962 24204
4963 24214
4964 24224
4965 24235
4966 24245
4967 24254
4968 24263
4969 24272
4970 24281
4971 24290
4972 24299
4973 24309
4974 24318
4975 24327
4976 24336
4977 24345
4978 24355
4979 24366
4980 24375
4981 24386
4982 24396
4983 24405
4984 24414
4985 24423
4986 24432
4987 24445
4988 24456
4989 24467
4990 24478
4991 24489
4992 24499
4993 24510
4994 24521
4995 24532
4996 24543
4997 24555
4998 24566
4999 24576
5000 24585
5001 24596
5002 24606
5003 24617
5004 24629
5005 24641
5006 24653
5007 24666
5008 24679
5009 24693
