100 0
10100 62
20100 119
30100 130
40100 176
50100 193
60100 233
70100 274
80100 306
90100 343
100100 387
110100 419
120100 455
130100 510
140100 538
150100 606
160100 686
170100 706
180100 705
190100 785
200100 825
210100 843
220100 863
230100 925
240100 948
250100 992
260100 1024
270100 1077
280100 1108
290100 1174
300100 1220
310100 1247
320100 1307
330100 1340
340100 1374
350100 1432
360100 1460
370100 1517
380100 1553
390100 1588
400100 1621
410100 1690
420100 1722
430100 1748
440100 1793
450100 1864
460100 1879
470100 1903
480100 1947
490100 2011
500100 2024
510100 2088
520100 2121
530100 2153
540100 2205
550100 2244
560100 2283
570100 2322
580100 2387
590100 2381
600100 2440
610100 2505
620100 2533
630100 2550
640100 2610
650100 2636
660100 2699
670100 2725
680100 2837
690100 2820
700100 2834
710100 2903
720100 2957
730100 2955
740100 3012
750100 3065
760100 3085
770100 3128
780100 3192
790100 3250
800100 3274
810100 3302
820100 3326
830100 3357
840100 3553
850100 3488
860100 3573
870100 3585
880100 3456
890100 3484
900100 3481
910100 3609
920100 3615
930100 3684
940100 3788
950100 3811
960100 3781
970100 3989
980100 3950
990100 4190