100 37
1100 293
2100 521
3100 764
4100 1020
5100 1259
6100 1510
7100 1753
8100 1998
9100 2270
10100 2567
11100 2823
12100 3147
13100 3448
14100 3571
15100 4064
16100 4305
17100 4478
18100 4649
19100 4811
20100 5083
21100 5254
22100 5534
23100 5758
24100 6048
25100 6652
26100 6805
27100 6705
28100 7065
29100 7322
30100 7528
31100 7691
32100 8014
33100 8229
34100 9007
35100 8753
36100 9428
37100 9346
38100 9287
39100 9484
40100 9922
41100 9930
42100 10152
43100 10296
44100 10622
45100 10822
46100 11112
47100 11358
48100 11776
49100 12187
50100 12267